 VARIABLES = "R","Z","Psi       "
ZONE F=POINT, I=   6, J=   7
 0.00000E+00  0.00000E+00  0.00000E+00
 0.33240E-02  0.00000E+00  0.00000E+00
 0.25332E+00  0.00000E+00  0.00000E+00
 0.74668E+00  0.00000E+00  0.00000E+00
 0.99668E+00  0.00000E+00  0.00000E+00
 0.10000E+01  0.00000E+00  0.00000E+00
 0.00000E+00  0.12137E-02  0.00000E+00
 0.33240E-02  0.12137E-02  0.18434E-07
 0.25332E+00  0.12137E-02  0.14851E-05
 0.74668E+00  0.12137E-02  0.14851E-05
 0.99668E+00  0.12137E-02  0.18412E-07
 0.10000E+01  0.12137E-02  0.00000E+00
 0.00000E+00  0.60798E-01  0.00000E+00
 0.33240E-02  0.60798E-01  0.24371E-06
 0.25332E+00  0.60798E-01  0.22532E-04
 0.74668E+00  0.60798E-01  0.22532E-04
 0.99668E+00  0.60798E-01  0.24348E-06
 0.10000E+01  0.60798E-01  0.00000E+00
 0.00000E+00  0.50000E+00  0.00000E+00
 0.33240E-02  0.50000E+00  0.45056E-06
 0.25332E+00  0.50000E+00  0.42095E-04
 0.74668E+00  0.50000E+00  0.42095E-04
 0.99668E+00  0.50000E+00  0.45013E-06
 0.10000E+01  0.50000E+00  0.00000E+00
 0.00000E+00  0.93920E+00  0.00000E+00
 0.33240E-02  0.93920E+00  0.24371E-06
 0.25332E+00  0.93920E+00  0.22532E-04
 0.74668E+00  0.93920E+00  0.22532E-04
 0.99668E+00  0.93920E+00  0.24348E-06
 0.10000E+01  0.93920E+00  0.00000E+00
 0.00000E+00  0.99879E+00  0.00000E+00
 0.33240E-02  0.99879E+00  0.18434E-07
 0.25332E+00  0.99879E+00  0.14851E-05
 0.74668E+00  0.99879E+00  0.14851E-05
 0.99668E+00  0.99879E+00  0.18414E-07
 0.10000E+01  0.99879E+00  0.00000E+00
 0.00000E+00  0.10000E+01  0.00000E+00
 0.33240E-02  0.10000E+01  0.00000E+00
 0.25332E+00  0.10000E+01  0.00000E+00
 0.74668E+00  0.10000E+01  0.00000E+00
 0.99668E+00  0.10000E+01  0.00000E+00
 0.10000E+01  0.10000E+01  0.00000E+00
