     N            N^3            TPF (ms)              TPT (ms)          ||L*x_TPF - b||          ||L*x_TPT - b||
-----------------------------------------------------------------------------------------------------------------
     2              8               0.529                 0.159             0.668811E-14             0.471028E-14
     4             64               0.111                 0.071             0.180404E-13             0.156179E-13
     6            216               0.117                 0.090             0.529144E-13             0.407161E-13
     8            512               0.154                 0.104             0.134167E-12             0.113556E-12
    10           1000               0.190                 0.142             0.515932E-12             0.413814E-12
    12           1728               0.352                 0.267             0.523015E-12             0.447972E-12
    14           2744               0.364                 0.284             0.121699E-11             0.101999E-11
    16           4096               0.408                 0.300             0.257351E-11             0.209674E-11
    18           5832               0.452                 0.380             0.248853E-11             0.212035E-11
    20           8000               0.570                 0.477             0.469121E-11             0.395885E-11
    22          10648               0.755                 0.651             0.666074E-11             0.541742E-11
    24          13824               0.887                 0.827             0.121097E-10             0.100641E-10
    26          17576               1.492                 1.046             0.114695E-10             0.971077E-11
    28          21952               1.537                 1.082             0.168275E-10             0.139618E-10
    30          27000               1.605                 1.313             0.189476E-10             0.159384E-10
    32          32768               1.866                 1.549             0.272818E-10             0.225437E-10
    34          39304               2.333                 1.978             0.277375E-10             0.230047E-10
    36          46656               2.901                 2.329             0.373877E-10             0.307579E-10
    38          54872               3.606                 2.892             0.624868E-10             0.502972E-10
    40          64000               4.010                 3.088             0.603074E-10             0.511301E-10
    42          74088               4.599                 4.097             0.605630E-10             0.503040E-10
    44          85184               5.165                 4.020             0.105090E-09             0.859343E-10
    46          97336               6.113                 4.693             0.126321E-09             0.103144E-09
    48         110592               6.455                 5.110             0.118555E-09             0.986681E-10
    50         125000               7.734                 6.081             0.135210E-09             0.112742E-09
    52         140608               8.392                 7.270             0.172082E-09             0.139888E-09
    54         157464              10.697                 7.759             0.260976E-09             0.216784E-09
    56         175616              11.409                 9.878             0.190063E-09             0.158960E-09
    58         195112              12.980                10.082             0.266516E-09             0.218413E-09
    60         216000              13.788                12.322             0.354973E-09             0.295234E-09
    62         238328              16.467                11.807             0.387730E-09             0.319679E-09
    64         262144              17.173                12.847             0.398166E-09             0.330408E-09
    66         287496              18.798                16.427             0.476326E-09             0.389504E-09
    68         314432              21.139                16.161             0.464324E-09             0.380997E-09
    70         343000              23.538                18.893             0.551751E-09             0.458271E-09
    72         373248              26.657                21.684             0.592998E-09             0.486622E-09
    74         405224              30.058                23.464             0.668078E-09             0.559884E-09
    76         438976              34.095                27.053             0.729390E-09             0.599596E-09
    78         474552              37.236                28.685             0.828680E-09             0.684884E-09
    80         512000              39.929                32.925             0.103847E-08             0.850367E-09
    82         551368              45.975                34.116             0.136872E-08             0.111151E-08
    84         592704              48.774                36.865             0.151354E-08             0.124185E-08
    86         636056              48.840                43.362             0.138824E-08             0.113560E-08
    88         681472              62.914                42.416             0.121914E-08             0.100826E-08
    90         729000              61.276                46.780             0.191513E-08             0.155992E-08
    92         778688              65.786                52.159             0.233213E-08             0.191512E-08
    94         830584              74.276                55.066             0.221911E-08             0.180860E-08
    96         884736              75.282                57.848             0.220705E-08             0.178367E-08
    98         941192              79.090                64.112             0.258975E-08             0.209872E-08
   100        1000000              85.667                65.784             0.276715E-08             0.225803E-08
   102        1061208              89.997                71.039             0.303093E-08             0.246566E-08
   104        1124864              99.111                74.681             0.275069E-08             0.224152E-08
   106        1191016             108.589                81.403             0.317959E-08             0.258713E-08
   108        1259712             112.316                87.137             0.381091E-08             0.306670E-08
   110        1331000             118.569                88.450             0.400135E-08             0.328376E-08
   112        1404928             130.885                99.249             0.489254E-08             0.399674E-08
   114        1481544             137.839               102.286             0.516921E-08             0.414676E-08
   116        1560896             141.100               107.283             0.512991E-08             0.421639E-08
   118        1643032             150.053               111.274             0.421490E-08             0.344705E-08
   120        1728000             165.149               145.332             0.445014E-08             0.365669E-08
   122        1815848             236.932               191.694             0.639756E-08             0.521060E-08
   124        1906624             293.093               224.834             0.647855E-08             0.529010E-08
   126        2000376             327.119               247.434             0.727061E-08             0.600275E-08
   128        2097152             346.639               265.451             0.551868E-08             0.457884E-08
   130        2197000             376.948               276.437             0.905898E-08             0.738392E-08
   132        2299968             398.624               289.243             0.842821E-08             0.702273E-08
   134        2406104             431.653               322.657             0.777388E-08             0.633096E-08
   136        2515456             455.813               349.709             0.101281E-07             0.823697E-08
   138        2628072             480.725               352.869             0.928434E-08             0.764536E-08
   140        2744000             491.739               378.344             0.107578E-07             0.883253E-08
   142        2863288             530.266               389.076             0.107212E-07             0.871739E-08
   144        2985984             543.265               397.854             0.861864E-08             0.710876E-08
   146        3112136             562.347               420.411             0.127197E-07             0.103126E-07
   148        3241792             589.839               444.301             0.121615E-07             0.996465E-08
   150        3375000             688.571               519.501             0.178817E-07             0.146423E-07
   152        3511808             739.986               533.137             0.994899E-08             0.815248E-08
   154        3652264             732.850               560.920             0.158392E-07             0.128707E-07
   156        3796416             802.465               590.018             0.162358E-07             0.131446E-07
   158        3944312             796.025               604.471             0.288038E-07             0.219862E-07
   160        4096000             860.191               643.821             0.164212E-07             0.133889E-07
   162        4251528             893.752               675.161             0.118920E-07             0.962952E-08
   164        4410944             913.702               685.690             0.115084E-07             0.939233E-08
   166        4574296             950.513               710.156             0.150382E-07             0.122006E-07
   168        4741632             985.791               734.928             0.261594E-07             0.209785E-07
   170        4913000            1031.060               820.340             0.232341E-07             0.189279E-07
   172        5088448            1121.010               869.573             0.231680E-07             0.185804E-07
   174        5268024            1294.259               879.717             0.346624E-07             0.269943E-07
   176        5451776            1171.406               901.854             0.227843E-07             0.185422E-07
   178        5639752            1184.419               949.747             0.328347E-07             0.266829E-07
   180        5832000            1291.312               954.440             0.293052E-07             0.235997E-07
   182        6028568            1310.517               984.301             0.325780E-07             0.268092E-07
   184        6229504            1363.037               914.727             0.255502E-07             0.210510E-07
   186        6434856            1347.188              1055.022             0.331936E-07             0.273689E-07
   188        6644672            1344.404              1007.002             0.256102E-07             0.211347E-07
   190        6859000            1592.009              1275.987             0.454456E-07             0.357316E-07
   192        7077888            1438.195              1017.045             0.268464E-07             0.218504E-07
   194        7301384            1423.944              1049.833             0.332369E-07             0.271039E-07
   196        7529536            1539.259              1129.931             0.574080E-07             0.459668E-07
   198        7762392            1555.737              1115.206             0.379224E-07             0.307172E-07
   200        8000000            1591.375              1166.973             0.485993E-07             0.379554E-07
   201        8120601            1584.875              1195.710             0.630001E-07             0.474508E-07
   202        8242408            1663.245              1209.615             0.476721E-07             0.389158E-07
   203        8365427            1665.265              1231.256             0.296165E-07             0.241293E-07
   204        8489664            1783.290              1278.012             0.507473E-07             0.411751E-07
   205        8615125            1766.567              1299.518             0.553399E-07             0.448415E-07
   206        8741816            1748.471              1294.580             0.352393E-07             0.287985E-07
   207        8869743            1828.953              1326.670             0.306438E-07             0.251813E-07
   208        8998912            1836.260              1495.528             0.355902E-07             0.293161E-07
   209        9129329            1847.368              1358.683             0.510022E-07             0.415809E-07
   210        9261000            1920.926              1411.446             0.657518E-07             0.537048E-07
   211        9393931            1950.239              1470.539             0.384869E-07             0.315589E-07
   212        9528128            1975.412              1454.421             0.618015E-07             0.501402E-07
   213        9663597            2033.607              1499.396             0.643206E-07             0.523531E-07
   214        9800344            2118.985              1546.468             0.537157E-07             0.442395E-07
   215        9938375            2240.378              1819.178             0.617014E-07             0.501854E-07
   216       10077696            2326.876              1634.443             0.753164E-07             0.602046E-07
   217       10218313            2440.401              1720.060             0.463789E-07             0.372790E-07
   218       10360232            2328.922              1659.692             0.389976E-07             0.318583E-07
   219       10503459            2358.805              1752.245             0.100807E-06             0.798823E-07
   220       10648000            2422.407              1723.957             0.382181E-07             0.313146E-07
   221       10793861            2445.841              1743.269             0.459480E-07             0.375689E-07
   222       10941048            2392.214              1783.611             0.563565E-07             0.458982E-07
   223       11089567            2485.954              1760.598             0.568348E-07             0.464866E-07
   224       11239424            2464.284              1784.169             0.682878E-07             0.556419E-07
   225       11390625            2494.688              1827.084             0.190289E-06             0.153055E-06
   226       11543176            2568.004              1832.018             0.795265E-07             0.646919E-07
   227       11697083            2603.732              1986.429             0.410670E-07             0.339471E-07
   228       11852352            2657.116              1905.303             0.177831E-06             0.145144E-06
   229       12008989            2659.961              1955.640             0.807156E-07             0.654375E-07
   230       12167000            2694.786              1949.368             0.985373E-07             0.793885E-07
   231       12326391            2769.343              2067.908             0.579133E-07             0.475758E-07
   232       12487168            2788.032              2002.470             0.650401E-07             0.529583E-07
   233       12649337            2849.914              2068.933             0.886111E-07             0.695791E-07
   234       12812904            2890.424              2064.806             0.786389E-07             0.646625E-07
   235       12977875            2924.468              2116.625             0.798806E-07             0.634737E-07
   236       13144256            2959.287              2198.489             0.116144E-06             0.896524E-07
   237       13312053            2990.647              2140.838             0.820599E-07             0.665170E-07
   238       13481272            3332.985              2300.311             0.120432E-06             0.969509E-07
   239       13651919            3379.503              2386.231             0.940582E-07             0.767090E-07
   240       13824000            3249.075              2445.906             0.848949E-07             0.685142E-07
   241       13997521            3154.392              2299.146             0.896899E-07             0.724126E-07
   242       14172488            3346.939              2399.352             0.903069E-07             0.737252E-07
   243       14348907            3283.746              2344.297             0.650636E-07             0.530980E-07
   244       14526784            3387.037              2397.521             0.100721E-06             0.816914E-07
   245       14706125            3360.062              2438.984             0.128590E-06             0.985377E-07
   246       14886936            3503.177              2494.440             0.101214E-06             0.818678E-07
   247       15069223            3494.084              2519.931             0.103718E-06             0.843673E-07
   248       15252992            3595.039              2632.750             0.933807E-07             0.753880E-07
   249       15438249            3845.183              2699.517             0.103177E-06             0.841735E-07
   250       15625000            3784.412              2733.348             0.690923E-07             0.569333E-07
   251       15813251            3761.078              2693.507             0.734200E-07             0.600760E-07
   252       16003008            4008.281              2832.481             0.851075E-07             0.694510E-07
   253       16194277            4225.963              2847.829             0.743118E-07             0.611573E-07
   254       16387064            4116.891              3630.263             0.118937E-06             0.973949E-07
   255       16581375            5263.912              3481.844             0.821270E-07             0.667737E-07
   256       16777216            4911.832              3659.119             0.135568E-06             0.111099E-06
   257       16974593            5343.248              3656.493             0.587814E+11             0.187205E+08
